18446673704965945924
18446638520604838033
18446638520597497202
18446620928425075268
18446620928407806532
18446612132333158948
18446612132332046482
18446612132316333202
18446612132314301586
18446607734287761970
18446607734285552786
18446607734268316817
18446605535262408818
18446605535247729202
18446605535247615122
18446604435737036210
18446603885978190386
18446603885978077329
18446603885978076306
18446603473679254052
18446603404960039460
18446603370606232114
18446603344830010513
18446603344816505394
18446603344816391314
18446603340522586674
18446603338369280145
18446603337318138418
18446603337314537489
18446603336758759986
18446603336225948228
18446603336225409169
18446603336221771922
18446603336221757458
18446568151849482386
18446534066988792242
18446515375291255140
18446506579216892260
18446502181171375250
18446502181170941963
18446502181170676324
18446502181163106899
18446499982139850866
18446499982131462514
18446499982131342482
18446498882628105362
18446498332862153284
18446498332861803666
18446497800297513330
18446497800297393298
18446497791700471826
18446497785264079186
18446497785263958162
18446497783661036196
18446497783374130322
18446497783374123378
18446497783123935602
18446497783123815570
18446497783116595780
18446497783109142667
18446482389950631954
18446482389942739044
18446482389942406290
18446481290430947908
18446480195213990162
18446475792874490468
18446473593851234435
18446472494339601554
18446471669722665028
18446471669705888324
18446471532267143748
18446471532264889490
18446471463564705860
18446471463547452562
18446471403421042834
18446471403417900178
18446471399122933906
18446471396975454354
18446471395364852882
18446471394828091972
18446471394827978898
18446469195805772946
18446467546536365074
18446467546536346226
18446467546536346195
18446467546536233572
18446467546535203442
18446467134225665170
18446467065518767250
18446467065514576484
18446467031164387923
18446467013979275666
18446467013978722316
18446467013971935858
18446467013971823762
18446467005374661234
18446467005374661203
18446467005374549138
18446467001093816516
18446467001080630418
18446466998946769042
18446466998946336778
18446466998946332996
18446466997876181604
18446466997872693267
18446466997067734162
18446466996799294052
18446466996798849636
18446466996798358130
18446466996779960467
18446465897271001522
18446465347513090162
18446465347512977539
18446464935214153828
18446464935202521202
18446464814939123858
18446464806351277202
18446464799904180355
18446464798311863427
18446464797890438290
18446464797760309379
18446464248001462706
18446464248001344658
18446463835684019341
18446463766964550797
18446463715437981842
18446463715437052338
18446463700411256842
18446463700411253060
18446463698321146290
18446463423367742098
18446463423366615620
18446463165669704082
18446463150637318482
18446463150637197458
18446463148489722002
18446463148489704594
18446463148488688196
18446462942345974340
18446462890791031364
18446462877927276740
18446462804910375396
18446462804907229764
18446462753370767748
18446462738338382148
18446462736172391570
18446462671763019922
18446462669619171338
18446462669615661394
18446462667452827794
18446462633097381912
18446462620213981330
18446462618072787090
18446462616186093970
18446462615931715986
18446462609475512466
18446462607864910994
18446462607596477586
18446462607462261906
18446462604124625042
18446462603034118290
18446462601954666646
18446462600366544018
18446462599288607890
18446462599273927826
18446462598737053842
18446462598733449362
18446427414379048082
18446401026100640292
18446401026084258962
18446396628054686244
18446394429015527986
18446392779746002066
18446392504871437778
18446392367446735396
18446392367435433540
18446392298726440082
18446392298724344978
18446392231085950532
18446392230006966418
18446357320512973970
18446348249526214802
18446343851497529490
18446343851497243794
18446341652471876754
18446341652457496722
18446340552960264333
18446340552960259652
18446340552960133389
18446339470614995506
18446339462026272914
18446339462025987218
18446339454527620242
18446339453448636562
18446335055386677843
18446330932218185284
18446330932218184850
18446330932218090052
18446330658430207126
18446330658413908690
18446330657340166738
18446326293671462034
18446326276490937746
18446326259311480978
18446326259310497937
18446326259308972179
18446324094631416370
18446324064566415570
18446324060271448658
18446324060271022642
18446323235648325188
18446322969351439794
18446322548446741554
18446322445361890450
18446322428181366162
18446322415296464082
18446322412075651794
18446322411001483826
18446322204861414545
18446322204858271300
18446322153321285260
18446322140436907204
18446322136143958578
18446322007279178311
18446321998702547089
18446321947163202092
18446321932127323474
18446321929980252754
18446321929979826738
18446321862337255569
18446321862323147314
18446321861803525700
18446321861800380068
18446295472967986322
18446295472967891524
18446291074938419556
18446288875899268242
18446287226629729426
18446286814319160466
18446286745611123172
18446286745608072338
18446286677428612772
18446286677421282450
18446286676884408466
18446286676884404804
18446271283714067922
18446270184212079172
18446270184202651917
18446262487619145842
18446262487619144850
18446261388107527314
18446260426036551122
18446260426034625092
18446260357331761636
18446260357315378756
18446260357315378322
18446260305775767698
18446260290743380114
18446260289132778642
18446258089573698706
18446256990078842002
18446256990077958564
18446256990073571475
18446256990072556690
18446256028005939780
18446256027990597074
18446255891106188434
18446255891103201956
18446254791049284754
18446254241280887954
18446253966405096004
18446253760259246211
18446253760246660242
18446253708716477586
18446253708707049618
18446253708706722258
18446253695822141586
18446253692600932932
18446253692064060562
18446253691661411474
18446253691527186578
18446253691527186563
18446253141769270418
18446252660746588594
18446252592172840082
18446252042526088338
18446251904824988228
18446251784571146820
18446251698666552466
18446251647126941842
18446251631036316228
18446251629958379666
18446251578415845778
18446251563386648900
18446251561493183954
18446251561235990674
18446251511846943044
18446251510230111378
18446251494724806802
18446242696426528836
18446238298380971154
18446236099356762212
18446236099340807442
18446234999837701266
18446234450071399570
18446233969049742482
18446233917513408868
18446233917506989202
18446233908909809810
18446233908909714578
18446233902473554066
18446233900862952594
18446233900856025458
18446229502269992562
18446225379101626514
18446225112813637810
18446225104223481202
18446221255931735666
18446220774913446387
18446220740553990500
18446220714770050674
18446220706194795890
18446220706194231435
18446218782033194564
18446218782033187186
18446218507154763122
18446217132763369618
18446216857885446738
18446216857885446194
18446216857885224306
18446216651741998660
18446216591601963378
18446216514294132210
18446216454176215397
18446216454162715207
18446216446664126023
18446216445586280811
18446216445574648178
18446216376867066219
18446216376866934927
18446216325327360363
18446216316723761298
18446216316723539314
18446216316723532146
18446216310294941834
18446216309225172338
18446216308669666450
18446216308147236210
18446211910084086930
18446209711061862546
18446208611565974596
18446207580774047812
18446207580759367762
18446205313016242802
18446205313015353970
18446205313015226963
18446203663745830034
18446203388886131300
18446203182727537252
18446203131188752530
18446203131177570706
18446203131173151346
18446203114262078066
18446203114262078035
18446203114007841938
18446202014480479378
18446201464722558098
18446200932148719762
18446200932148585036
18446200917116332178
18446200915505730706
18446200915118810243
18446200914984570002
18446199952911868324
18446199884192653732
18446199884189152530
18446199832646530194
18446199824049255570
18446199816550888594
18446199816012833202
18446199267846793362
18446198990829079172
18446198786828509508
18446198784677657746
18446198733403348114
18446198725074506898
18446198724806073490
18446198724537619602
18446198724537618610
18446198720780588178
18446198720256282820
18446198718108868754
18446198717576139922
18446198717575074514
18446198716095554706
18446195417426235827
18446195417409533554
18446194455336948307
18446192121023170898
18446192118874639506
18446191019379724708
18446190744485627026
18446190471753632082
18446190065880371378
18446190058364179154
18446190057290437202
18446189988587999314
18446189928444463250
18446189920122540114
18446188820357592178
18446188820340815474
18446188270584989298
18446187995707609714
18446187171071276658
18446186896212767890
18446186690053116339
18446186621873305202
18446186621334337138
18446186621334327730
18446186346456941714
18446186105920048274
18446186071559654002
18446186071559653523
18446186071559639666
18446185865421506707
18446185865419050639
18446185805275877010
18446185800982467155
18446185796731540051
18446185659261751876
18446185659260702867
18446185624902581394
18446185591615459827
18446185590541619698
18446185590541619343
18446185590537996914
18446185539002012050
18446185538995229298
18446185530397969554
18446185530397969010
18446185522895982739
18446185522091155058
18446185521822714482
18446184972048020594
18446184697172735122
18446184491029860771
18446184430886335602
18446184422310032498
18446184422304780402
18446184422294304324
18446184147414829187
18446183666380586130
18446183606252621938
18446183599808587922
18446183597661097106
18446183391518232707
18446183391502143986
18446183359290550418
18446183339962536338
18446183331374698610
18446183327078652050
18446183324930165074
18446183324930156690
18446183323876331634
18446183322798395506
18446183322782666866
18446182515338262162
18446182498427887250
18446182498150304388
18446182227569161362
18446182225426157714
18446182223823656077
18446182223809515954
18446182223286777412
18446181948391573650
18446181742232605170
18446181682103062706
18446181402935956050
18446181329933668495
18446181194633712114
18446181175308470872
18446181140955009426
18446181127000559954
18446181125922623826
18446112954035321380
18446110823746605600
18446110763602065956
18446084366735347729
18446079968697928849
18446079968686754961
18446079968686740019
18446077769663483025
18446076670169461771
18446076670163157549
18446076120397087268
18446076120396737681
18446075639375200811
18446075605017570328
18446075605011161233
18446075605003814264
18446075587837690220
18446075579235402276
18446075579235189771
18446075574946383044
18446075570926267415
18446075570640424971
18446060177477354627
18446060177477340305
18446057995633963153
18446057987049145600
18446057987043926564
18446057978453968132
18446053580427788356
18446053580425265235
18446053580409963108
18446053580409425041
18446053580409423460
18446051381386284049
18446051381386167427
18446051381386153508
18446050281875079588
18446049732118709393
18446049732118216772
18446049319817707591
18446049251082928612
18446049251082386577
18446049199543324684
18446049190955992132
18446049190955976849
18446049186662613060
18446049184510939146
18446049182900322980
18446049182899786897
18446049182899783332
18446049182497669924
18446049182362911889
18446049182361358400
18446046983358021732
18446046983355387011
18446046983340706961
18446044921760711219
18446044921757451879
18446044853034273937
18446044792904404113
18446044788616106003
18446044785411116177
18446044784851849779
18446044784587689504
18446044784334770195
18446044784318499985
18446043135048454147
18446043135048024611
18446043135047910531
18446042722737455651
18446042654014210532
18446042619668725880
18446042619654046264
18446042602474606604
18446042602471469187
18446042593886225539
18446042593886211217
18446042589592846436
18446042587442217284
18446042586368071697
18446042585295242371
18446042585294737411
18446042585294193795
18446042585291132049
18446041490092209348
18446041490074802321
18446041485779964320
18446040953205067788
18446040953203852433
18446040940319622340
18446040938172682250
18446040938172678468
18446040938172131473
18446040936562066084
18446040936159413028
18446040936024655396
18446040936024654993
18446040665441310865
18446040665441213060
18446040661280739876
18446040459289068004
18446040455002995857
18446040429222695480
18446040412043379076
18446040405607721105
18446040397010446481
18446040391106462372
18446040390566942865
18446040390562956420
18446040387342238244
18446006301407754596
18446006301407689124
18446005202030737764
18445979913142997005
18445979913130358212
18445978830798598286
18445975515082373540
18445973316058921060
18445972766302779428
18445972766302713956
18445970567816329892
18445970039013511360
18445970020745558340
18445954624369299467
18445954624361081987
18445953524849549453
18445952442522009867
18445952429632725348
18445952427485405508
18445952425874793124
18445948027295312915
18445948027293503507
18445945828271065099
18445945828270243940
18445944728758620173
18445944179002443108
18445943697980096580
18445943646426509451
18445943637839841291
18445943629783859876
18445943629783510692
18445943629246760971
18445941430224563808
18445941430224552307
18445939780973757796
18445939780955246611
18445939299933586020
18445939248390622219
18445939239793347595
18445939231471403379
18445938131690946979
18445937581931987044
18445937581931637891
18445937100910103563
18445937066537790488
18445937049367350283
18445937032174865764
18445936001398702500
18445936001398355083
18445935936958536036
18445935936958535819
18445935934811056484
18445935417268251672
18445935400088600964
18445935400087586148
18445935391502501220
18445935387203344523
18445935385056219146
18445935383042949924
18445935382918857867
18445935382908372107
18445935108588318340
18445935108067708939
18445935039310303719
18445934971687502180
18445934919063453028
18445934919051263332
18445934901871492452
18445934867511618712
18445934858926915972
18445934843894530372
18445934841746828640
18445934837458147339
18445934837450676580
18445934837446842372
18445934833710411428
18445934833700045476
18445919989744574564
18445919714866733204
18445919457181306112
18445919457168990308
18445919457168863363
18445919440123764836
18445919439988984963
18445918357657395588
18445918357657362852
18445917790856553252
18445917262449082564
18445917251708135684
18445915041944308883
18445915041942293635
18445913942435201107
18445913117796946532
18445912980377960519
18445912980360237075
18445912851514132627
18445912843192336467
18445911743410484292
18445911743409435779
18445910781334723715
18445910712617286787
18445910678258714648
18445910652490877059
18445910652488910853
18445910648192768131
18445910646045288579
18445910644434687107
18445909132068388935
18445908651046731847
18445908651033202703
18445908590903656612
18445908582313494756
18445908513607778372
18445908513592410180
18445908483529250968
18445908481381771416
18445908447020001412
18445906795606068355
18445906383295499395
18445906383291417191
18445906314568765939
18445906254444383363
18445906245852351619
18445905163530142131
18445905150632726963
18445905148504975501
18445905146341772429
18445904871460831891
18445904734021766372
18445904596582944352
18445904596581778020
18445904185361928211
18445904115818806291
18445904064018402916
18445904051121095268
18445902964507816067
18445902964494569891
18445902949475428483
18445902431919407224
18445902431919300739
18445902401854508228
18445902399707031683
18445901985241862147
18445901933702429827
18445901873577734275
18445901864986841472
18445901858545346691
18445901856666311811
18445901856532096131
18445901856397855875
18445901852097740996
18445901848344428644
18445901847940064387
18445901847802776707
18445901302343014413
18445900886274233485
18445900817011029120
18445900765475541376
18445900753145042957
18445900748559922327
18445900473682756247
18445900250087448612
18445900250076021144
18445900232895005848
18445899928511191684
18445899927958606020
18445899821122454200
18445899721794060772
18445899666093900580
18445899653611455140
18445899652001366340
18445866663445630097
18445865563923596747
18445864465493088401
18445864464956216465
18445840275154799057
18445840275154178158
18445840275154093187
18445840275154078865
18445839175642560932
18445838213569559076
18445838093310701713
18445838084723917892
18445838077204584593
18445838076667712657
18445838076130837649
18445833952977965668
18445833952975015057
18445833815536016529
18445833695274356270
18445833682381478355
18445833679179135588
18445833679175899281
18445833678641122449
18445833678099729966
18445832578573842852
18445832028815836291
18445831480135866513
18445831479599086244
18445831479196345489
18445831479073737873
18445831479063263332
18445830929304208804
18445830929304204433
18445830448282646948
18445830380636026001
18445829898526832676
18445829846972545412
18445829831940159812
18445829830866327697
18445829830061022353
18445829829792580753
18445829559226407556
18445829418018886801
18445829350918400145
18445829349844670609
18445829349307890340
18445829288640025745
18445829284873943716
18445829280040011217
18445812787372635281
18445811696457225572
18445811696444743825
18445811696444648593
18445811688397886609
18445803166636757131
18445802893906121258
18445802891758833803
18445796569582808195
18445796294690966673
18445794679779903243
18445794645436925067
18445794370559552657
18445794198760340856
18445794138618454161
18445794096211711121
18445787498596049027
18445787498595749009
18445786399095654545
18445785368305901636
18445785316752662916
18445785299572793489
18445783100567363715
18445783100567078019
18445781451299921956
18445781451280764049
18445781038982730001
18445780918723686545
18445780918716220691
18445780905838778513
18445780902620996196
18445779802015413393
18445779252257792100
18445778839946937475
18445778771236135012
18445778719683653777
18445778711096107139
18445778711095821443
18445778706813422788
18445778706798757060
18445778703597454467
18445778703597440145
18445778703597314595
18445778703040946852
18445778703040664721
18445778702518455441
18445778702504823953
18445778702504075409
18445778702504075395
18445778702503789713
18445778152746164644
18445777877888180644
18445777611584189585
18445777607301669069
18445777602997564561
18445777061828363812
18445777061828363409
18445777061824471173
18445777055381727377
18445777053234536593
18445777053234536484
18445776589392748932
18445776572347097892
18445776546432291384
18445776537841845508
18445776520938282129
18445776516368867461
18445776512609440913
18445776512341007505
18445776504032089233
18445776503481451780
18445772380311276689
18445772380311179411
18445772242871882291
18445772174152733171
18445772105435353171
18445770181288019075
18445770181287923812
18445769940770359864
18445769908558532682
18445769906410000515
18445767982801634980
18445767844825370769
18445767776106222052
18445767776106221711
18445767758936425560
18445767724566614404
18445767709534228618
18445766607892943267
18445765508364127377
18445764443213581880
18445764408853843089
18445764133972922980
18445763996533540455
18445763859094586515
18445763652939731443
18445763447870440598
18445763446796698756
18445763446796685860
18445763446781353105
18445763326530178193
18445763313639395475
18445763313636951187
18445763309610963507
18445762484725255313
18445761694433166392
18445761660071743619
18445761453915427300
18445761402375385745
18445761389508728963
18445761144677785745
18445761118907536529
18445761114613586065
18445761110319088771
18445760053757756856
18445760015104512141
18445760015104095780
18445760011894404246
18445760011890219153
18445760011353347217
18445760011353343652
18445759770286252177
18445759736198189601
18445759495407814200
18445759495407800888
18445759478231336081
18445759254909926545
18445759220579701304
18445759211944161937
18445759049827062308
18445758962843403832
18445758962835264056
18445758954246129208
18445758946192560696
18445758932778632388
18445758920960137361
18445758920423265425
18445758919898961041
18445758917740368010
18445741319656940196
18445733622526097828
18445732523551341220
18445732523014237550
18445728262412258443
18445728126059632779
18445728125238889931
18445725943135145099
18445725930249194692
18445725927019600011
18445725926491116675
18445725925945846915
18445725376200508772
18445724843622150605
18445724835025923533
18445724826981586059
18445724551554224484
18445724280976422948
18445724278823696708
18445724277753087446
18445724277750061195
18445724277749722582
18445723865454983524
18445723864365411694
18445723795643021796
18445723731757480612
18445714931385311300
18445708334315342990
18445708334040064100
18445708333827793006
18445708333759608932
18445707236396677448
18445706701669939588
18445706688785225988
18445706152462734596
18445701753868857956
18445701753868857491
18445701737225868435
18445700637177361539
18445699606385212547
18445699572026182104
18445699538739484803
18445699537934158999
18445699537665734787
18445699537665723523
18445699537665723522
18445698713044792388
18445698438690985101
18445698025836185828
18445697888397232196
18445697682239869412
18445697544803039303
18445697493261062542
18445697478228687172
18445697373539095704
18445696239142390915
18445695208351321219
18445695208339422675
18445695140176022659
18445695139888385495
18445695139620277379
18445694589862033006
18445694048709823629
18445694042272901261
18445693215522306660
18445693026512810478
18445692957777869412
18445692390839104643
18445691875445137549
18445691858264928717
18445691842170926211
18445691842160135638
18445691841219617933
18445691841085387908
18445691292401227907
18445691291595922563
18445691291327477891
18445691291327466627
18445690947736386691
18445690844652977304
18445690810293238915
18445690759299945603
18445690758763056268
18445690758753628291
18445690745868717252
18445690741707990147
18445690226178308536
18445690226175587480
18445689848232917412
18445689813865018520
18445689693611177112
18445689676959765976
18445689676489991640
18445689660335665293
18445689161023358415
18445689130958919832
18445689109484089380
18445689094454426058
18445689092438440740
18445688645899238136
18445688545236138308
18445680845967958436
18445679883895152996
18445679763636199812
18445679746456101224
18445675357002804371
18445675348427558244
18445675348411916900
18445674248907535491
18445673183769268579
18445673157979548803
18445673157979541859
18445673151543388291
18445673149932786819
18445673149924267275
18445673149388660836
18445672049884279949
18445671504412945604
18445671500117968228
18445671500117847300
18445671088896844132
18445671019364768907
18445670950634234212
18445666560906727603
18445666552318890067
18445664628171460739
18445663528678754660
18445662841463778375
18445662704025873537
18445662188630444388
18445662165010845770
18445662154541205643
18445659963837787315
18445659956322177395
18445658305978322059
18445658031372620147
18445658031103791716
18445657928024825611
18445657764816851091
18445657206466908579
18445656381833203843
18445656106955280515
18445655836377600131
18445655832080535652
18445655558275666283
18445655557738213028
18445654493133691256
18445654458227872909
18445654217169686680
18445654187105201348
18445654187105196388
18445653976651501711
18445653942291541368
18445653908468683915
18445653908066034827
18445653907931802980
18445653496710795403
18445653427167673483
18445653396834062552
18445653392611224952
18445653375367392388
18445653359325239435
18445653358723355787
18445651159155843155
18445651159153921155
18445649235008965892
18445649097572064514
18445648961222680644
18445648960670048339
18445648960667538579
18445646898546319460
18445646795468179608
18445646761108441219
18445645799046252772
18445645799034692004
18445645180558379151
18445644837036892228
18445644716702933380
18445644708116170980
18445644708112998533
18445644700059935396
18445644630817247300
18445642912817612051
18445642912815647891
18445642397421544056
18445642371653848323
18445641538446205540
18445641272142209459
18445640722382198035
18445640438964167268
18445640438964166803
18445640310084313221
18445640305773648115
18445640302571266660
18445640164106708243
18445639081706796300
18445639073119089795
18445639073119080867
18445639068821889229
18445639064800890007
18445639064532454660
18445639064527058051
18445638516916627587
18445638514769136771
18445638244191838308
18445638034828573827
18445638007965982904
18445638007964967096
18445637982473182339
18445637973875907715
18445637967162910851
18445637965552309379
18445637419552486596
18445637419552350630
18445637419552348429
18445637140382922376
18445636904160076198
18445636878390665421
18445636876248719524
18445636870338794637
18445636320040722628
18445636109624430863
18445635908819624135
18445631780261450340
18445631513976523847
18445631368013844563
18445630543312335940
18445629993555461251
18445629443800191044
18445629168921218179
18445628756603319367
18445628206853796932
18445628078002680900
18445627657091682375
18445627261955738252
18445627176056492175
18445627142770496216
18445627109484499082
18445627109484499018
18445626987080190084
18445626145282602115
18445625595509474963
18445625046291076243
18445625045755220068
18445624977034198631
18445624779467803779
18445623808819869287
18445623671902605747
18445623396484664932
18445623125901187219
18445622726488199556
18445622717898264755
18445622709308232295
18445622692112907896
18445622674944315000
18445622572943610003
18445622056454337656
18445621472342215811
18445621201757931142
18445621201756359876
18445620939766236291
18445620923659391105
18445620922586006659
18445620716427164803
18445620652076043460
18445620647977275492
18445620514567359684
18445620377125329027
18445620377125230723
18445620102244211341
18445619548751279748
18445619548243234957
18445619376409425336
18445619324858569112
18445618766509379768
18445618448731607684
18445618199577899396
18445582989449964561
18445550004100071538
18445548904570735053
18445548354815853106
18445530212890321266
18445530212873052530
18445499426547518737
18445495165946700338
18445495097235612210
18445495037095584306
18445495028500963346
18445490630456002162
18445488431432746098
18445486782165844018
18445486782165304370
18445486369848984135
18445486369848656434
18445486301145809935
18445486301129507314
18445486301128967666
18445486266786054712
18445486249589899666
18445486241016250917
18445486236704997586
18445486234572687698
18445486233483772626
18445486232544510514
18445486232410030674
18445484033387284082
18445482933892972978
18445482384118284914
18445481971820298823
18445481903100822002
18445481903099855887
18445481903096088178
18445481868721180248
18445481851560002099
18445481842956060274
18445481836527845930
18445481835454120982
18445481834380362291
18445481834380362290
18445480734852400562
18445480185097125938
18445480185095028850
18445480185094489202
18445479669722530930
18445479669701051154
18445479652521181586
18445479639636279506
18445479637488256338
18445479636415054546
18445479085583401394
18445479085582861746
18445478537991304530
18445478536922809778
18445478260949796416
18445478123510727239
18445478020431512338
18445477990366740690
18445477988218717522
18445477986071773778
18445477986071233586
18445477715506763793
18445477715487791762
18445477711192933394
18445477711192871456
18445477642491888175
18445477575919895082
18445477573760665159
18445477539412952088
18445477509335646799
18445477507200680490
18445477507197060434
18445477462089418130
18445477457796039058
18445477455654307154
18445477440616170066
18445451048037854226
18445451048037843314
18445446649989156306
18445444450977513586
18445443351472778701
18445443351465886130
18445442801699597330
18445442256243982706
18445426858779582930
18445424659770919186
18445420261712265842
18445420261712265811
18445420261710301651
18445418062689012754
18445416001104478674
18445415932384787922
18445415880845635602
18445412015374008946
18445412015374008915
18445411740495269330
18445411482797193618
18445411474211884622
18445411469918405234
18445411465637069395
18445409266597054482
18445409266596580818
18445408167351007666
18445407634506253778
18445407617327057486
18445407069181491922
18445391674410795378
18445390574909399410
18445390025141012747
18445390025141002610
18445389483979317618
18445389475653329266
18445389475384500242
18445381778805195186
18445380816732521031
18445380748029526383
18445380748013044303
18445380748013044210
18445380713653306130
18445380696473436562
18445380696473087378
18445380687883152562
18445380681450129746
18445380680367309522
18445380679293567570
18445380679293218162
18445376831001821779
18445376289840136818
18445376283412016466
18445376281256151666
18445376281245232146
18445375181744518258
18445374357103051122
18445374116599958904
18445374082240228355
18445373051445281202
18445372991305253298
18445372982723364875
18445372450134830482
18445372435102444882
18445372434028714354
18445372432954968075
18445372432954961472
18445372432954961266
18445372175256244626
18445372158097575947
18445372029232579143
18445372020656144747
18445372020644392306
18445371986293392146
18445371969113751916
18445371969108980210
18445371960513102322
18445371926153364242
18445371900397224299
18445371896088592594
18445371893941109322
18445371892867367634
18445371891793276274
18445371887499706962
18445371886442392914
18445371884294909298
18445365286128394354
18445363636861946114
18445363155825147138
18445360888081916530
18445359788589678861
18445359788589075725
18445359788570627346
18445359238815425138
18445358697653994098
18445358690155373139
18445356627477416168
18445356524398191192
18445356490575598610
18445355940280551693
18445355459258884530
18445355394824937906
18445354840768923922
18445354312506022272
18445354308192313938
18445354291571214354
18445350030406812274
18445349901560711794
18445349895132512330
18445349892967647858
18445347831383556210
18445346596597432394
18445346594449588658
18445346046823369042
18445345701079777778
18445345649540170316
18445345580820476402
18445345565801711954
18445345497068620114
18445344395426890147
18445342471262713458
18445342265119356530
18445342230757526136
18445342230744321624
18445342200679537235
18445342198551557458
18445342197480961650
18445341921506284146
18445341784068345074
18445341646629391986
18445341303046687986
18445341251503934706
18445341242920501427
18445341182791352719
18445341165607733856
18445341131252189816
18445341131251745554
18445341105481941157
18445341105467705970
18445341099039934802
18445341097969340018
18445341096892007026
18445340547117757554
18445340134807188594
18445340031739507832
18445340014543909298
18445339998437792178
18445339722486140978
18445339172780134403
18445338983751758322
18445338932212924530
18445338352389469394
18445338350241985874
18445338081810731442
18445337940078900434
18445337811227784402
18445337808006568370
18445337798338216352
18445337798338065426
18445337282942618200
18445337282941608530
18445337250730363218
18445336973738004498
18445336839493540178
18445336837339415111
18445336733186344984
18445336718165952850
18445336716006261330
18445336707958068242
18445303713489175666
18445301514472205682
18445277325200671858
18445276225689044402
18445275194896988658
18445275194896893426
18445275143357285778
18445275128340613458
18445275128324900178
18445275127251253970
18445275126177512018
18445275126177511506
18445271003026641458
18445270865586403891
18445270796867189299
18445270796864013938
18445270762507582008
18445270745327712812
18445270736724081235
18445270729225619027
18445270728147682930
18445270728146631282
18445268597828270578
18445268546288567698
18445268531256182098
18445268530202362994
18445268530198428195
18445268529108793938
18445268529108695602
18445267567040218546
18445267446787425682
18445266880912997074
18445266879839156786
18445266742406500914
18445266639345111602
18445266398817597938
18445266364460910136
18445266355857343890
18445266348358976914
18445266347279989138
18445266335457393362
18445266334383651410
18445266333326591314
18445248742197314930
18445240216683431282
18445231970344882738
18445226747665883762
18445222899375185970
18445222418338849359
18445218501327626866
18445218089028264499
18445218020310163954
18445218020309189903
18445217960165656147
18445217953736892979
18445217952667574867
18445216302306467890
18445216302304085106
18445215821270131186
18445214927931711922
18445214657348383954
18445214120460984722
18445214107576082642
18445214105428599370
18445213828960765586
18445213626544988658
18445213590049016152
18445213579299014034
18445213555689277778
18445209430357758547
18445207231334597746
18445205582067156018
18445205169750200903
18445201733794284978
18445201184019596883
18445200771709027954
18445200634282562131
18445198452422398354
18445198439537496274
18445197885484713394
18445196923411944007
18445196854692562418
18445196790268052690
18445196785973085746
18445196785973085234
18445196339314443919
18445196304954413618
18445187165247185266
18445180568194198787
18445179468675037618
18445178918908928370
18445178369170940274
18445173971107655282
18445173971107560050
18445171772084399218
18445171772084303986
18445170122815813714
18445169577356015826
18445169575218055506
18445169574134897010
18445169573061146994
18445167374038937202
18445165724769398386
18445165724769303154
18445165243747646066
18445165175571426930
18445165175032461682
18445165175031577035
18445165175031315058
18445163113435573362
18445162975992425842
18445161601600794258
18445161331017758930
18445161327796640114
18445161327796533970
18445161326722887026
18445161326722791474
18445161051862815090
18445160845701233010
18445160845701229938
18445160845697038834
18445160787708685650
18445160786634848978
18445160781272521170
18445160781267188306
18445160779125045586
18445154179899213902
18445153080403506434
18445153080392628658
18445153080386724274
18445151989465030834
18445151980874909774
18445147600018940499
18445146483317814738
18445144834048281037
18445144318664974936
18445144284368150962
18445139061629860499
18445138788899993674
18445138786735573618
18445136589860833618
18445135490348168530
18445134955624738866
18445134732286448114
18445134672160033426
18445134594847259122
18445134528292042826
18445134527201524434
18445134526128004562
18445134474588402162
18445134457424918991
18445134457408535026
18445134390853306706
18445134390836541778
18445134390836529490
18445132189682743747
18445131098747254386
18445131092310014578
18445131091245750706
18445130815275225714
18445130540397312626
18445130540397312595
18445130402976191079
18445130132380432979
18445130128098048626
18445130128098048467
18445130128086747762
18445130059378964978
18445130059378834034
18445130059375659634
18445129440885683314
18445129166025609635
18445128895426933970
18445128892205717938
18445127930132806354
18445127808800209298
18445127800212371570
18445127800210265266
18445127795918452850
18445127792714004594
18445127791620328914
18445127516740340365
18445127516740335250
18445127246157395154
18445127244009911634
18445127241862433229
18445127241862429106
18445126830636907213
18445126760843950541
18445126696419407058
18445126695337245394
18445126451588643602
18445126421523667602
18445126176710549970
18445126176710543960
18445126159530674636
18445126159530670482
18445126159530668082
18445126144498284882
18445126142485030354
18445126142350800946
18445125798771014130
18445125732199021002
18445125732187715922
18445125731125279442
18445116865222386162
18445112467192786195
18445112398473437547
18445112398465747570
18445110199434095986
18445109102078342482
18445108618884129266
18445108567354912818
18445108550164652626
18445108550164557170
18445108137853988210
18445108069142900082
18445108034786307448
18445108026182741394
18445108009002872178
18445108002574115179
18445108002565664114
18445103877241581170
18445100028950597682
18445099479195069810
18445092882126351730
18445091786918081746
18445091370295480903
18445091235004296530
18445091232856812914
18445091232856812594
18445090756129837266
18445090751835155826
18445090685265989995
18445086285055544594
18445086147616154226
18445086012341854282
18445083811155036242
18445082849081270706
18445081904199387394
18445081895601703570
18445081818289119730
18445081715226943576
18445081683011307858
18445081614286588242
18445079447468265048
18445079430297816659
18445078588492784242
18445078451040040562
18445078314687865266
18445077798198726232
18445077488979288690
18445077360129843379
18445077355834906867
18445077351808392807
18445077226973304434
18445077223765123251
18445077222691283109
18445077222677301874
18445077215176237651
18445077214641015059
18445076664327353458
18445076131762943090
18445076123165668466
18445076118868604114
18445076116728460402
18445076116721120594
18445076115667301490
18445075186860706040
18445075017209497938
18445074207617595026
18445074194741404070
18445074087364764088
18445073926289896786
18445073924142413074
18445073922000172242
18445073920939013330
18445073920935272870
18445073919861070258
18445073917713654194
18445073228371740904
18445073022212874738
18445072996429482232
18445072957776861426
18445072817128677970
18445070891893787250
18445068695033729098
18445068452351462002
18445066495994759506
18445064982017331250
18445064846725220690
18445064466621679864
18445064449441386898
18445064436556484818
18445064363542465010
18445064303412909234
18445064296987232594
18445062130176217208
18445062130160519800
18445062095800781426
18445061546042865266
18445060480890980984
18445060446531243634
18445060446531242610
18445059905383157925
18445059810887748850
18445059347019609202
18445058805857924210
18445058799413376338
18445057783653609970
18445057734261492056
18445057706344191154
18445057699901753682
18445057150143837522
18445056632618104248
18445056220283422968
18445056134384071154
18445056057074652338
18445055584703754738
18445055584642937330
18445028835572794379
18445028835572336075
18445020589244548561
18445020108212874257
18445020073855246347
18445020056670127115
18445006845355511054
18445004646332239118
18444998049244728785
18444994750709840429
18444994200956503584
18444994200956061121
18444994200956060718
18444993719920180768
18444993668390586926
18444993668380116428
18444993655495214286
18444993653348284426
18444989802907482675
18444989257447152083
18444989253152097888
18444988153640106541
18444987603885799427
18444987603885687331
18444987054128926161
18444986504373618125
18444986023336723917
18444985971814903821
18444985958926948365
18444985958912268749
18444985542299917777
18444985439222194193
18444985405399401134
18444985405130884119
18444985404861482449
18444985147163294353
18444984924383493585
18444984906657325521
18444984872364680657
18444984872285550976
18444984872285549009
18444984864237180369
18444984859400288800
18444984859400280622
18444984856179426774
18444984855257179601
18444971660986064907
18444971660986056971
18444967271514603793
18444967263478236171
18444967263474045963
18444958467902440139
18444954343678791200
18444954068779912209
18444952144638002187
18444951870833722059
18444951045134758929
18444950221564183243
18444949945629426699
18444949945611600907
18444949705110596984
18444949687913251372
18444943073663337731
18444941974153732653
18444941149520676096
18444941012081279249
18444940878937331729
18444940874642375744
18444937576125595917
18444936476613968147
18444935377085563149
18444935377085281297
18444934827327652099
18444934346307550467
18444934311933379128
18444934311933125176
18444933727816024333
18444933727815475757
18444933212436177336
18444933182360420621
18444932628304404497
18444932121501901368
18444932089289648401
18444928230257885267
18444927817941746227
18444927689093054643
18444927682668429386
18444927680520945747
18444927680502580243
18444925618918490659
18444924519422374983
18444924384115720618
18444923437085377607
18444923437075104300
18444923368355955087
18444923316950565688
18444923316815808056
18444923284604092490
18444921092024336563
18444919988220887475
18444919022943765095
18444918987502405240
18444918953127412275
18444918334653235619
18444917789197631907
18444917787047002538
18444917785973261005
18444916968857830019
18444916964564009507
18444916719747653635
18444916702567760256
18444916695051731493
18444916686458651171
18444916685402016785
18444916410527810573
18444916136703722189
18444915624527698488
18444915313143858496
18444915311029929472
18444915087657420184
18444914765534468753
18444914696821178855
18444914537913140792
18444914520721245208
18444896894175164776
18444888106677504011
18444888100231821322
18444888098641217547
18444888098093860875
18444884249792591891
18444883708630906899
18444883708625664179
18444883700055755787
18444883700035991915
18444883700035726803
18444881775893631328
18444881775890381443
18444881638451296611
18444880405795813798
18444879439428172000
18444879336360599563
18444879336348954072
18444879310579153349
18444879307357760982
18444879303062957526
18444874903944888936
18444871055654192384
18444866657606449760
18444866176584535310
18444864183704620302
18444863909363628291
18444862878049894830
18444862826494702862
18444862826494697902
18444862809583624653
18444862809314861517
18444861727251866060
18444858411270026862
18444857311758863968
18444854562978269645
18444854150660786414
18444854081942994381
18444854017518941376
18444854013223515597
18444853051151286343
18444852999611232750
18444852930892214656
18444852913712335296
18444852913711876110
18444850783406111219
18444850749066644504
18444850164931775949
18444849340297034387
18444849065419113939
18444848618743118328
18444848524253379027
18444847416155256224
18444846866395936814
18444846338118457728
18444846319346847040
18444845766952367406
18444845255783299512
18444845251488560600
18444845238603626918
18444845235405533197
18444845222520166861
18444844976611287508
18444835338706059532
18444835330115775749
18444835322062722315
18444830924036393995
18444828758816858488
18444828725012868355
18444827693677904141
18444827633537790987
18444827629237674189
18444827625479656715
18444827075186892840
18444826534026248459
18444826525989875040
18444826525968269579
18444826525699907595
18444820203242653707
18444818833146741158
18444818830999257514
18444818828851426315
18444818281242394698
18444818279095600139
18444818072937836000
18444818006365196650
18444817868926452074
18444817815239491983
18444817763967971095
18444817740080709706
18444817731487629386
18444817729339796832
18444815805192458611
18444814499538370995
18444813614764282227
18444813606727995763
18444813434370903416
18444813339886373899
18444812781536772515
18444812236081168803
18444811716384533624
18444811716384525688
18444811168775514883
18444810584661000618
18444810582513169419
18444810307634640523
18444810043499315626
18444810033306817547
18444809775058617996
18444809757880102240
18444809534541147544
18444809519508761944
18444809518435806230
18444809349868048583
18444809217786975883
18444809139403472096
18444809053504159096
18444809036324388216
18444809002114450208
18444808978347426136
18444808969752259339
18444808967604776715
18444808967604775960
18444808937539999755
18444806734224820832
18444805634710228226
18444805634709867789
18444804535200254568
18444804535198797058
18444803435688637699
18444801786421183757
18444801374104560032
18444801374104551693
18444801305398490370
18444801245258724416
18444801240958312870
18444800274592931904
18444800158639069442
18444800145746823424
18444798213006953747
18444797955308368147
18444797938668426515
18444796907351974323
18444796847211946419
18444796842918281651
18444796426307241235
18444796306041210131
18444796291009498378
18444795885139272295
18444795790645142136
18444795740179595539
18444794656773484813
18444794641751749728
18444794640133805069
18444793746240806147
18444792715717270797
18444792457750552960
18444792445134414246
18444792444865421734
18444792444865413389
18444792441107816461
18444792440651265312
18444792028321775912
18444791409928333088
18444791349917160727
18444789416917075987
18444788179965018547
18444787630207945799
18444787286611607187
18444787149186288711
18444787114835970291
18444787097643535431
18444787081547893831
18444787080453180487
18444786977373965944
18444785877862331512
18444784881430956256
18444784778351478787
18444784778350693496
18444783781918507424
18444783687432156248
18444783678839076280
18444783644479337888
18444783129083249720
18444783096868929610
18444782888565751264
18444782768306225551
18444782690996813989
18444782665226793464
18444781720335045043
18444780638003285644
18444780414661919219
18444779555669030520
18444779386037305770
18444779263611219981
18444778731035709048
18444778563531577587
18444778189874024056
18444778156588027584
18444777631524074616
18444777219213505656
18444777081770357880
18444777064587440141
18444776533086197880
18444776532012436600
18444775990848656568
18444775982258719864
18444775277888942093
18444775131857310112
18444774891339134392
18444774573508002848
18444774337284151512
18444774334063728664
18444774332988162816
18444774300776924480
18444773989398101496
18444773770353717632
18444756706443966731
18444747360596078033
18444740764621030755
18444740763527461323
18444740763527461227
18444740763527359953
18444738847973948049
18444738603161860664
18444738573096040913
18444730318164804866
18444730043288143118
18444729905848760593
18444729785600182830
18444729772705006792
18444726469881417262
18444725920132007187
18444723179933153827
18444723171341416707
18444722089018799569
18444721041050214865
18444716849148416563
18444716711727285319
18444716582860535987
18444714512685972003
18444714376321088195
18444713825490483618
18444713550613530036
18444713310095456696
18444713310095361464
18444713276809460429
18444713275735718349
18444712863417808967
18444712519821474447
18444712451114076817
18444712382396056647
18444712212746930520
18444712212731217240
18444712178371574218
18444712178371573834
18444709015139599975
18444708886282287539
18444708602829227054
18444708465371298407
18444708327949010387
18444708070253277649
18444708053073415633
18444708053073312403
18444707924209518183
18444707916711151207
18444707916707775958
18444707821130303096
18444707795367841233
18444706953559495075
18444706679740742349
18444706678666900945
18444706128909089219
18444705922765339267
18444705647874849231
18444705615662499160
18444705614588762680
18444705587814251043
18444705030471203533
18444705029397366221
18444704617086793169
18444704485032376742
18444704485015599821
18444704204763842094
18444703947065702860
18444703932033317322
18444703809633137105
18444703796758532295
18444703728027613839
18444703680781829772
18444703483492350712
18444703466044045710
18444703457454111173
18444703415585424952
18444688021329060216
18444687986969321835
18444685792244179307
18444677301089748344
18444673418437972531
18444672903060967800
18444670429143032184
18444669054751491448
18444669020391461409
18444663799877771338
18444660774061640337
18444660086859383879
18444659951568199754
18444659605824053807
18444659485565297039
18444659401813434442
18444657338099147299
18444657235003197048
18444657209233678515
18444656169864176051
18444655826252124435
18444655688812873319
18444655285090439443
18444655143368792307
18444653906406973859
18444653904256344490
18444653077475152131
18444652942183342417
18444652806906583299
18444652527717241101
18444652287199060408
18444652257134289318
18444652254986805674
18444646482569646154
18444646308605649395
18444643319308079661
18444642649293508993
18444642117254530744
18444642116717659704
18444639333577803187
18444639333577707955
18444638785988252074
18444637821768094311
18444637770228486543
18444636586948219306
18444635502469072524
18444633874691135544
18444625314805394701
18444624219598166274
18444624215293766914
18444619885980167635
18444611296032045715
18444611158593092199
18444609097008894307
18444609097008790147
18444607723692997325
18444607722619350477
18444607175009876042
18444606709006973327
18444606657467779438
18444606657467474296
18444606625255110730
18444601675304253859
18444600575792626115
18444600302010585443
18444600060398742904
18444600034630941123
18444599477354740429
18444598960897928653
18444598936193055437
18444598445488847311
18444598411139679288
18444598393949239756
18444597998818635128
18444593497705495810
18444593497700289794
18444593429254462722
18444590267872027054
18444590130433307906
18444589168360398926
18444589048101548290
18444589030921668680
18444586832436155859
18444586831904350675
18444586831899283054
18444585801119900083
18444585732461240755
18444585186924698067
18444583537659552166
18444583537659360462
18444583052325961155
18444582434946420182
18444581888389821646
18444581884370781655
18444581609237029325
18444581338639442342
18444581334352830925
18444581059528238548
18444580801763094574
18444577211171688883
18444577073744268359
18444576523975871559
18444576249116840007
18444575905501624819
18444574737270518894
18444574737270509005
18444572675686216775
18444572542542230734
18444572540403103818
18444572005671317550
18444571919785611335
18444571855347470535
18444571851052503111
18444571662073706895
18444571578321844298
18444571524634980846
18444571498865176760
18444571475242846552
18444571455915504014
18444570614102963859
18444570064347156531
18444569274073173624
18444568432269021619
18444568294830061159
18444567727882844775
18444567624803629688
18444567487388799591
18444567470196347495
18444567457318785223
18444567457313724659
18444567246860958318
18444567178145905255
18444566765810176419
18444566284788519331
18444566224648491427
18444566217150124451
18444565976612035000
18444565683480703022
18444565258278752455
18444565133724891534
18444564893206526360
18444564880321616088
18444564880321613016
18444564877100406904
18444564876160875320
18444564326268745144
18444564296203973838
18444564055709929894
18444563745383824077
18444563609009213639
18444563484723797452
18444563364202349624
18444563295476596216
18444563243936987544
18444563231052077272
18444563226891336504
18444563226757118008
18444563226757104696
18444563200987305134
18444556183011565923
18444554950356083110
18444554948208599466
18444554413485171073
18444553992581426247
18444553983988310379
18444553983988310376
18444553857290051658
18444553855139422373
18444553848696971338
18444553847086273803
18444550822911462667
18444550273135944051
18444549998391960185
18444549727680340339
18444549723429413235
18444549594534915687
18444549590246234355
18444549491455708536
18444549465692188947
18444548898746114467
18444548074112688483
18444547532950720771
18444547528657084771
18444547301020283256
18444547283840413048
18444546704017826214
18444546701870342570
18444546699722858920
18444546188632662438
18444546184884533003
18444546162856141222
18444545686110577039
18444545634570874232
18444545394067782923
18444545170721881464
18444545110589058456
18444545093409189240
18444537766201668679
18444537633047957926
18444537630900474282
18444536615140708751
18444536565758298456
18444536531388846154
18444533780461244851
18444529966532668792
18444528319410613592
18444528317263129976
18444528291493040293
18444527776101444984
18444525396687080519
18444523884857918739
18444523747417541703
18444523266395884615
18444523199828041802
18444523198757489735
18444521204798340355
18444520897708820824
18444520053747101965
18444519967860995143
18444519907720967239
18444519903422816678
18444519899127886919
18444519796049196290
18444519486811407618
18444518971489787992
18444518939251318858
18444518885515567503
18444518801763704906
18444518800710934599
18444518697073923768
18444518662714184962
18444516601687707239
18444516497649061688
18444516497514843768
18444516467450059027
18444515707246263955
18444515672899101304
18444515505394131366
18444515505387870451
18444515503246647722
18444515501092910695
18444514955619473651
18444514848245304952
18444514423055063283
18444514414457788659
18444514410162820711
18444514405882534131
18444514405882503367
18444514307083605624
18444513714373932136
18444513203275440550
18444513203274921176
18444513201127437656
18444512649222032504
18444512168187805176
18444512100005205688
18444512099602556728
18444512065664341251
18444509909171332920
18444508079379336263
18444506430109797447
18444505811635555983
18444503715692546296
18444503580401076568
18444503578252545144
18444503131574907975
18444502650553250887
18444502583967207850
18444501928985101368
18444501568207442319
18444501490898030757
18444501484455579722
18444500795112698995
18444497651215094145
18444495331914288248
18444494868059927032
18444494799340450200
18444494232402671032
18444493691240986040
18444493218790388216
18444493137186003160
18444493133025273656
18444492651869388280
18444492600339214744
